desc: I1 cache:         65536 B, 64 B, 2-way associative
desc: D1 cache:         65536 B, 64 B, 2-way associative
desc: L2 cache:         524288 B, 64 B, 8-way associative
cmd: ./splice_labels_from_RNA_seq /fml/ag-raetsch/nobackup/projects/rgasp.2/read_maps/elegans/C_elegans_L3/C_elegans_L3_I+_mapped.bam /fml/ag-raetsch/nobackup/projects/rgasp/mgene_predictions/elegans/genome_dir/genome.config /tmp
events: Ir I1mr I2mr Dr D1mr D2mr Dw D1mw D2mw 
fl=/build/buildd/glibc-2.7/build-tree/amd64-libc/csu/crti.S
fn=???
11 1 0 0 0 0 0 0 0 0
12 1 0 0 1 0 0 0 0 0
13 1 0 0 0 0 0 0 0 0
14 1 0 0 0 0 0 0 0 0
17 1 0 0 0 0 0 0 0 0
18 1 0 0 1 0 0 0 0 0
25 1 0 0 0 0 0 0 0 0
26 1 0 0 0 0 0 1 0 0
37 1 1 1 0 0 0 0 0 0
fl=/build/buildd/glibc-2.7/build-tree/amd64-libc/csu/crtn.S
fn=???
9 1 0 0 0 0 0 0 0 0
10 1 0 0 1 0 0 0 0 0
16 1 1 1 0 0 0 0 0 0
17 1 0 0 1 0 0 0 0 0
fl=/build/buildd/valgrind-3.3.0/coregrind/m_trampoline.S
fn=vgPlain_amd64_linux_REDIR_FOR_vtime
171 1 1 1 0 0 0 0 0 0
172 1 0 0 0 0 0 0 0 0
173 1 0 0 1 0 0 0 0 0
fl=/fml/ag-raetsch/home/jonas/svn/tools/ngs/../../projects/mGene_core/genome/genome.cpp
fn=Genome::Genome()
16 1 0 0 0 0 0 1 0 0
18 1 0 0 0 0 0 1 0 0
19 1 0 0 0 0 0 1 0 0
20 1 0 0 0 0 0 1 0 0
21 1 0 0 0 0 0 1 0 0
22 1 0 0 0 0 0 1 0 0
24 1 1 1 0 0 0 1 1 1
25 1 0 0 0 0 0 1 0 0
27 1 0 0 0 0 0 1 0 0
28 1 0 0 0 0 0 1 0 0
30 1 0 0 0 0 0 1 0 0
31 1 0 0 0 0 0 1 0 0
33 1 0 0 0 0 0 1 0 0
34 1 0 0 0 0 0 1 1 1
36 1 0 0 0 0 0 1 0 0
39 1 1 1 0 0 0 1 0 0
40 1 0 0 0 0 0 1 0 0
41 1 0 0 0 0 0 1 0 0
42 1 0 0 0 0 0 1 0 0
43 1 0 0 0 0 0 1 0 0
44 1 0 0 0 0 0 1 0 0
45 1 0 0 0 0 0 1 0 0
46 1 1 1 0 0 0 1 0 0
47 1 0 0 0 0 0 1 0 0
48 1 0 0 0 0 0 1 0 0
49 1 0 0 0 0 0 1 0 0
50 1 0 0 0 0 0 1 0 0
52 2 1 1 0 0 0 1 0 0
53 2 1 1 0 0 0 1 0 0
54 1 1 1 0 0 0 1 0 0
55 2 0 0 0 0 0 1 0 0
57 1 0 0 1 0 0 0 0 0
fn=Genome::contig_len(int)
117 2 0 0 0 0 0 0 0 0
119 2 0 0 1 1 1 0 0 0
128 5 0 0 2 1 1 1 1 1
130 3 0 0 2 1 1 0 0 0
fn=Genome::get_contig_name(int)
583 1 1 1 0 0 0 0 0 0
585 5 0 0 1 0 0 0 0 0
586 3 1 1 2 1 1 0 0 0
590 2 0 0 1 0 0 0 0 0
fn=Genome::init_genome(char*)
176 12 1 1 1 1 0 7 0 0
178 3 1 1 0 0 0 0 0 0
182 3 0 0 0 0 0 1 1 1
183 3 0 0 0 0 0 1 1 1
191 9 0 0 0 0 0 7 0 0
193 52 0 0 0 0 0 13 0 0
196 61 1 1 0 0 0 12 0 0
197 24 0 0 0 0 0 0 0 0
199 24 0 0 12 0 0 0 0 0
202 79 0 0 36 1 1 0 0 0
205 5 1 1 1 0 0 1 0 0
206 3 0 0 0 0 0 0 0 0
213 66 1 1 22 0 0 0 0 0
223 66 1 1 22 1 1 0 0 0
233 66 1 1 22 1 1 0 0 0
243 66 1 1 22 0 0 0 0 0
253 66 2 2 22 1 1 0 0 0
263 66 0 0 22 0 0 0 0 0
273 66 1 1 22 1 1 0 0 0
283 66 1 1 22 1 1 0 0 0
293 66 2 2 22 0 0 0 0 0
303 66 1 1 22 1 1 0 0 0
313 66 1 1 22 0 0 0 0 0
323 66 1 1 22 1 1 0 0 0
333 66 1 1 22 1 1 0 0 0
343 66 1 1 22 1 1 0 0 0
353 66 1 1 22 0 0 0 0 0
355 3 1 1 0 0 0 1 0 0
363 66 1 1 22 1 1 0 0 0
365 2 0 0 0 0 0 1 0 0
373 74 1 1 36 1 1 0 0 0
375 3 1 1 2 0 0 0 0 0
383 5 0 0 0 0 0 1 0 0
384 2 0 0 0 0 0 0 0 0
391 4 0 0 1 0 0 2 0 0
392 4 1 1 1 0 0 2 0 0
393 4 0 0 1 0 0 2 0 0
394 4 0 0 1 0 0 2 0 0
397 40 1 1 22 0 0 1 0 0
399 14 0 0 7 0 0 7 0 0
400 14 0 0 7 0 0 7 0 0
401 14 0 0 7 0 0 7 0 0
402 14 1 1 7 0 0 7 0 0
405 35 0 0 0 0 0 7 0 0
406 14 0 0 0 0 0 0 0 0
407 49 0 0 0 0 0 7 0 0
408 14 0 0 0 0 0 0 0 0
409 35 1 1 7 0 0 14 0 0
410 49 0 0 14 0 0 14 0 0
411 49 0 0 14 0 0 14 0 0
416 68 2 2 34 1 1 0 0 0
418 3 0 0 2 0 0 0 0 0
425 7 0 0 1 0 0 2 0 0
426 2 0 0 0 0 0 0 0 0
432 4 0 0 1 0 0 2 0 0
435 3 1 1 1 0 0 0 0 0
447 54 1 1 18 0 0 0 0 0
455 2 0 0 0 0 0 1 0 0
477 156 2 2 50 0 0 0 0 0
479 3 0 0 2 0 0 0 0 0
487 2 1 1 1 0 0 1 0 0
488 2 0 0 0 0 0 0 0 0
489 5 0 0 1 0 0 1 0 0
491 2 1 1 0 0 0 1 0 0
492 2 0 0 0 0 0 0 0 0
498 3 0 0 1 0 0 0 0 0
516 2 0 0 0 0 0 1 1 1
523 64 0 0 46 1 1 0 0 0
525 3 1 1 2 0 0 0 0 0
532 7 0 0 1 0 0 2 0 0
533 2 0 0 0 0 0 0 0 0
539 4 0 0 1 0 0 2 0 0
542 3 0 0 1 0 0 0 0 0
554 50 2 1 28 1 1 0 0 0
558 5 1 1 0 0 0 1 0 0
559 2 0 0 0 0 0 0 0 0
560 26 2 2 3 0 0 0 0 0
561 5 1 1 0 0 0 3 0 0
564 12 0 0 6 0 0 0 0 0
568 8 3 3 0 0 0 4 0 0
572 2 0 0 1 0 0 0 0 0
573 2 0 0 1 0 0 0 0 0
574 2 1 1 1 0 0 0 0 0
575 2 0 0 1 0 0 0 0 0
576 2 0 0 0 0 0 0 0 0
577 3 0 0 1 0 0 0 0 0
579 3 0 0 0 0 0 2 0 0
581 12 0 0 10 2 0 0 0 0
fn=Genome::path_with_basedir(char*, char*)
160 126 1 1 14 0 0 56 0 0
163 28 0 0 14 0 0 0 0 0
165 56 1 1 14 0 0 14 1 1
168 84 0 0 0 0 0 14 0 0
169 28 0 0 0 0 0 14 0 0
172 112 1 1 84 0 0 0 0 0
fn=Genome::read_flat_file(int)
99 5 1 1 0 0 0 3 0 0
101 2 0 0 1 1 0 0 0 0
111 5 1 1 2 0 0 1 0 0
112 3 0 0 0 0 0 1 0 0
114 5 0 0 0 0 0 1 0 0
115 5 1 1 4 1 1 0 0 0
125 1 0 0 0 0 0 0 0 0
128 4 0 0 2 0 0 1 0 0
129 1 0 0 1 0 0 0 0 0
fn=Genome::read_line(_IO_FILE*, char*, unsigned long)
133 200 1 1 0 0 0 80 0 0
139 60291184 0 0 0 0 0 15072796 0 0
141 30145592 1 1 0 0 0 15072796 0 0
142 90436768 0 0 0 0 0 0 0 0
144 15072776 0 0 0 0 0 15072776 235508 235508
146 15072776 0 0 0 0 0 0 0 0
147 30145552 0 0 0 0 0 0 0 0
153 20 0 0 0 0 0 20 0 0
155 40 0 0 0 0 0 0 0 0
156 12 0 0 0 0 0 6 0 0
158 140 0 0 100 0 0 0 0 0
fn=Genome::~Genome()
59 4 1 1 0 0 0 3 0 0
61 2 0 0 1 1 1 1 0 0
63 34 2 2 8 1 1 0 0 0
65 21 0 0 14 0 0 7 0 0
66 21 0 0 14 0 0 7 0 0
67 21 0 0 14 2 2 7 0 0
69 2 0 0 1 0 0 1 0 0
70 2 0 0 1 0 0 1 0 0
71 2 0 0 1 0 0 1 0 0
73 34 1 1 9 0 0 0 0 0
74 21 0 0 7 0 0 0 0 0
76 2 0 0 0 0 0 1 0 0
78 3 0 0 1 0 0 0 0 0
80 2 1 1 1 0 0 1 0 0
82 3 0 0 1 0 0 0 0 0
84 2 0 0 1 0 0 1 0 0
86 3 1 1 1 0 0 0 0 0
88 2 0 0 1 0 0 1 0 0
89 1 0 0 0 0 0 1 0 0
90 1 0 0 0 0 0 1 0 0
92 3 1 1 1 0 0 0 0 0
94 2 0 0 1 1 1 1 0 0
96 2 0 0 1 0 0 0 0 0
97 3 0 0 3 0 0 0 0 0
fl=/fml/ag-raetsch/home/jonas/svn/tools/ngs/../../projects/mGene_core/genome/tools.cpp
fn=_GLOBAL__I__Z14save_score_posPcPS_PPfiPii
60 3 1 1 0 0 0 0 0 0
fn=__static_initialization_and_destruction_0(int, int)
59 6 1 1 0 0 0 0 0 0
fn=save_score_pos(char*, char**, float**, int, int*, int)
11 36 1 1 2 0 0 28 0 0
16 38 1 1 2 0 0 6 0 0
18 12 0 0 2 0 0 2 0 0
21 16 1 1 4 0 0 0 0 0
23 26 2 2 6 0 0 2 0 0
27 10 2 1 4 1 1 2 0 0
28 16 0 0 6 0 0 2 0 0
31 6 2 1 0 0 0 2 0 0
32 6 0 0 2 0 0 0 0 0
41 18 1 1 2 0 0 4 0 0
43 4 0 0 0 0 0 2 0 0
46 6 0 0 0 0 0 2 0 0
47 22 3 2 8 0 0 2 0 0
49 6 0 0 2 0 0 0 0 0
55 22 1 1 4 0 0 2 0 0
58 28 1 1 14 0 0 4 0 0
59 22 1 1 18 1 0 0 0 0
fl=/fml/ag-raetsch/home/jonas/svn/tools/ngs/get_reads_direct.cpp
fn=bam_fetch_reads
29 5574864 1 1 2090574 0 0 696858 0 0
95 14 2 2 1 0 0 10 0 0
98 6 0 0 3 0 0 2 0 0
99 2 0 0 0 0 0 0 0 0
105 6 1 1 0 0 0 1 0 0
107 4878008 1 1 1393716 2074 5 0 0 0
108 4 1 1 1 0 0 0 0 0
109 6 1 1 1 0 0 0 0 0
110 4 0 0 1 0 0 1 0 0
111 4 1 1 1 0 0 1 0 0
112 2 0 0 0 0 0 1 0 0
115 1 0 0 0 0 0 0 0 0
117 3484295 0 0 0 0 0 696859 0 0
118 2787435 0 0 0 0 0 696859 0 0
119 4181154 0 0 2787436 0 0 0 0 0
120 3484290 0 0 1393716 0 0 0 0 0
122 1393716 0 0 0 0 0 696858 0 0
123 6968580 0 0 696858 2075 5 0 0 0
125 4181148 1 1 0 0 0 2090574 0 0
126 2787432 1 1 696858 11066 5 696858 0 0
128 4878006 0 0 3484290 373 0 0 0 0
132 1393716 0 0 0 0 0 0 0 0
154 7 0 0 1 0 0 2 0 0
156 2 0 0 1 0 0 1 0 0
158 9 0 0 7 1 1 0 0 0
fn=get_reads_from_bam(char*, char*, std::vector<CRead*, std::allocator<CRead*> >*, char, int)
54 10 2 2 0 0 0 5 0 0
56 1 0 0 0 0 0 1 1 1
59 4 0 0 0 0 0 2 0 0
62 5 0 0 0 0 0 2 1 0
63 2 1 1 0 0 0 0 0 0
70 3 0 0 0 0 0 1 0 0
71 2 0 0 0 0 0 0 0 0
76 8 1 1 2 2 0 1 0 0
77 3 0 0 1 0 0 0 0 0
82 4 0 0 0 0 0 1 0 0
84 13 1 1 6 0 0 4 0 0
87 3 1 1 0 0 0 1 0 0
88 2 0 0 0 0 0 1 0 0
89 2 0 0 0 0 0 1 0 0
90 3 0 0 1 1 0 1 0 0
92 7 1 1 6 1 1 0 0 0
269 2 0 0 0 0 0 0 0 0
272 6 2 2 0 0 0 2 1 1
273 1 0 0 0 0 0 1 1 1
fn=parse_cigar(bam1_t*, CRead*, bam_header_t*)
160 6271722 1 1 0 0 0 4181148 0 0
162 2090574 0 0 696858 0 0 696858 0 0
163 2090574 0 0 0 0 0 696858 0 0
165 7956408 1 1 2845626 0 0 0 0 0
167 2265156 1 1 755052 0 0 0 0 0
168 2265156 0 0 0 0 0 755052 2746 0
170 1510104 0 0 0 0 0 0 0 0
172 1451910 0 0 0 0 0 0 0 0
175 696858 0 0 0 0 0 696858 0 0
179 29097 0 0 29097 0 0 0 0 0
181 116388 0 0 0 0 0 0 0 0
209 58194 0 0 0 0 0 0 0 0
211 57806 0 0 8258 0 0 0 0 0
212 33032 0 0 16516 2 0 0 0 0
220 11846586 2 2 1393716 0 0 0 0 0
221 4181148 0 0 0 0 0 0 0 0
224 1393716 0 0 1393716 0 0 0 0 0
225 1393716 0 0 696858 0 0 0 0 0
227 1393716 0 0 0 0 0 0 0 0
235 1393716 0 0 0 0 0 0 0 0
237 2787432 2 2 0 0 0 0 0 0
240 2787432 0 0 1393716 0 0 696858 1338 0
253 2090574 0 0 0 0 0 0 0 0
265 5574864 0 0 4878006 0 0 0 0 0
fl=/fml/ag-raetsch/home/jonas/svn/tools/ngs/read.cpp
fn=CRead::CRead()
6 696858 0 0 0 0 0 696858 1 0
7 696858 0 0 0 0 0 696858 0 0
8 696858 1 1 0 0 0 696858 0 0
9 696858 0 0 0 0 0 696858 0 0
10 696858 0 0 0 0 0 696858 0 0
11 696858 0 0 0 0 0 696858 0 0
12 696858 0 0 0 0 0 696858 0 0
13 696858 0 0 696858 0 0 0 0 0
fn=CRead::get_acc_splice_sites(std::vector<int, std::allocator<int> >*)
74 5574864 2 2 0 0 0 3484290 0 0
76 2787432 0 0 1393716 1219533 1219531 0 0 0
81 1393716 0 0 0 0 0 0 0 0
86 4878006 0 0 4181148 0 0 0 0 0
fn=CRead::get_don_splice_sites(std::vector<int, std::allocator<int> >*)
88 5574864 1 1 0 0 0 3484290 0 0
91 2787432 0 0 1393716 22 0 0 0 0
96 1393716 0 0 0 0 0 0 0 0
101 4878006 1 1 4181148 0 0 0 0 0
fn=CRead::set_strand(char)
171 3484290 1 1 0 0 0 1393716 0 0
173 2090574 0 0 696858 0 0 0 0 0
174 2090574 0 0 0 0 0 1393716 674 0
175 696858 1 1 0 0 0 696858 0 0
176 1393716 0 0 696858 0 0 696858 0 0
177 2787432 0 0 2090574 0 0 0 0 0
fn=CRead::~CRead()
15 1393716 1 1 0 0 0 696858 0 0
16 2090574 0 0 696858 696857 696857 0 0 0
17 2090574 0 0 696858 0 0 0 0 0
18 2787432 0 0 696858 174182 174182 696858 0 0
19 696858 0 0 696858 0 0 0 0 0
fl=/fml/ag-raetsch/home/jonas/svn/tools/ngs/splice_labels_from_RNA_seq.cpp
fn=create_dir(char*, char*, int, signal_t, char)
238 22 1 1 2 1 1 10 1 0
240 8 1 1 2 0 0 2 2 1
242 10 0 0 0 0 0 2 0 0
251 8 0 0 0 0 0 2 0 0
252 14 1 1 0 0 0 2 0 0
253 18 1 1 14 0 0 0 0 0
fn=exp_compare(example_t, example_t)
28 2175884 1 1 543971 0 0 0 0 0
fn=main
34 10 2 2 1 0 0 7 0 0
37 1 0 0 1 1 1 0 0 0
38 1 0 0 1 0 0 0 0 0
39 2 0 0 1 0 0 1 1 0
42 5 0 0 0 0 0 3 2 0
43 3 1 1 1 0 0 1 0 0
45 2 0 0 0 0 0 0 0 0
51 6 0 0 3 2 0 1 0 0
56 3 0 0 0 0 0 2 0 0
57 1 0 0 0 0 0 1 0 0
64 3 1 1 0 0 0 1 0 0
65 1 0 0 0 0 0 1 0 0
66 1 0 0 0 0 0 1 0 0
76 4 0 0 1 0 0 2 0 0
77 3 1 1 1 1 1 1 0 0
94 11 0 0 1 0 0 2 0 0
97 6 0 0 0 0 0 1 0 0
99 7 2 2 3 2 1 1 0 0
107 6271728 1 1 1393718 0 0 0 0 0
110 2090574 1 1 696858 87130 87108 696858 0 0
111 4181148 0 0 696858 16 16 0 0 0
115 2787432 1 1 1393716 22 0 696858 0 0
116 4181148 0 0 696858 16 0 0 0 0
122 2 1 1 0 0 0 1 0 0
123 2 0 0 0 0 0 1 0 0
124 7 1 1 3 1 1 1 0 0
125 7 0 0 3 0 0 1 0 0
134 6968585 0 0 1393716 0 0 1393716 1 1
136 10452870 0 0 4878006 87311 87129 0 0 0
138 2787432 0 0 1393716 871168 871168 0 0 0
140 2059185 0 0 1372790 858055 858055 0 0 0
142 2059185 1 1 686395 0 0 0 0 0
146 3 1 1 0 0 0 1 1 1
147 3 0 0 0 0 0 1 0 0
148 7 0 0 3 1 1 1 0 0
149 7 1 1 3 0 0 1 0 0
151 3 0 0 0 0 0 1 0 0
152 3 0 0 0 0 0 1 0 0
153 3 1 1 1 1 0 1 0 0
168 5 1 1 2 1 1 1 0 0
169 7 0 0 2 0 0 2 1 0
170 81781 0 0 2 0 0 0 0 0
172 32710 1 1 16355 2045 2045 16355 1021 1014
173 32710 0 0 16355 0 0 16355 1022 1000
175 5 1 1 2 1 0 1 1 0
176 7 1 1 2 0 0 2 1 0
177 147851 0 0 2 0 0 0 0 0
179 59138 0 0 29569 3697 2798 29569 1848 1847
180 59138 1 1 29569 0 0 29569 1848 1847
185 1 0 0 0 0 0 1 1 0
188 18 2 2 4 1 1 10 3 2
190 9 1 1 1 0 0 1 0 0
191 16 1 1 3 0 0 10 0 0
192 8 0 0 1 0 0 1 0 0
195 5574869 2 2 1 1 0 0 0 0
196 6271722 0 0 2090574 87411 87108 1393716 0 0
202 4 0 0 1 1 1 1 0 0
203 4 1 1 1 1 1 1 0 0
208 6 0 0 2 1 1 2 0 0
209 696869 2 2 696867 3 3 0 0 0
228 367406 1 1 45924 0 0 0 0 0
231 91848 1 1 45924 2882 840 45924 0 0
232 45924 0 0 0 0 0 45924 7 1
299 522372247 1 1 74428464 96 57 0 0 0
302 294969112 0 0 73742278 22 7 0 0 0
305 663680502 0 0 0 0 0 0 0 0
306 1047290418 2 2 275354528 6696 6462 0 0 0
307 331840251 0 0 0 0 0 0 0 0
309 73742278 0 0 0 0 0 0 0 0
311 6405412 0 0 0 0 0 6405412 49 16
fn=remove_intersection(std::vector<int, std::allocator<int> >*, std::vector<int, std::allocator<int> >*)
255 14 0 0 0 0 0 10 0 0
259 12 1 1 2 2 2 0 0 0
273 4 1 1 0 0 0 2 0 0
274 4 0 0 0 0 0 0 0 0
275 10 1 1 10 0 0 0 0 0
fn=vec_unique(std::vector<int, std::allocator<int> >*)
289 64 2 2 0 0 0 48 2 2
294 24 1 1 0 0 0 0 0 0
295 64 0 0 56 6 4 0 0 0
fl=/fml/ag-raetsch/share/software/samtools/bam.c
fn=bam_calend
20 696858 0 0 696858 0 0 0 0 0
21 7084968 2003 6 696858 0 0 0 0 0
22 755052 2003 6 755052 940 0 0 0 0
23 2365028 0 0 0 0 0 0 0 0
24 2223478 0 0 0 0 0 0 0 0
27 1393716 0 0 696858 0 0 0 0 0
fn=bam_header_destroy
52 4 1 1 0 0 0 3 0 0
55 2 0 0 0 0 0 0 0 0
56 2 0 0 1 1 1 0 0 0
57 34 0 0 8 0 0 0 0 0
58 21 1 1 14 2 2 7 0 0
59 2 0 0 1 0 0 1 0 0
60 2 0 0 1 0 0 1 0 0
62 2 0 0 1 0 0 1 0 0
63 3 0 0 1 0 0 0 0 0
64 3 0 0 1 0 0 0 0 0
65 2 0 0 0 0 0 1 0 0
66 2 0 0 0 0 0 0 0 0
67 3 0 0 3 0 0 0 0 0
fn=bam_header_init
47 5 1 1 2 1 1 1 1 0
48 3 1 1 0 0 0 0 0 0
fn=bam_header_read
70 8 1 1 0 0 0 6 0 0
75 1 0 0 0 0 0 1 0 0
76 2 0 0 0 0 0 0 0 0
81 1 0 0 0 0 0 0 0 0
83 8 0 0 0 0 0 1 0 0
84 10 2 2 8 1 1 0 0 0
88 3 0 0 0 0 0 1 0 0
90 4 0 0 0 0 0 1 0 0
91 4 0 0 2 0 0 0 0 0
92 7 1 1 1 0 0 2 0 0
93 3 0 0 1 0 0 1 0 0
94 4 1 1 0 0 0 1 0 0
95 4 0 0 2 0 0 0 0 0
97 4 0 0 1 0 0 2 0 0
98 4 1 1 1 0 0 2 0 0
99 37 1 1 8 0 0 1 0 0
100 28 0 0 7 0 0 7 0 0
101 28 1 1 14 0 0 0 0 0
102 42 0 0 14 0 0 14 0 0
103 35 1 1 21 0 0 7 0 0
104 35 0 0 7 0 0 7 0 0
105 28 0 0 14 0 0 0 0 0
108 9 0 0 7 1 1 0 0 0
fn=bam_read1
165 4878013 1 1 0 0 0 2787436 6 0
171 3484295 1 1 0 0 0 696859 10 0
175 4878013 1 1 0 0 0 696859 0 0
176 2787436 0 0 1393718 2540 10 0 0 0
180 2787436 1 1 1393718 0 0 1393718 405 5
181 5574872 1 1 696859 0 0 2090577 0 0
182 3484295 0 0 696859 0 0 1393718 0 0
183 1393718 0 0 696859 0 0 696859 0 0
184 4181154 0 0 2090577 0 0 2090577 0 0
185 2090577 1 1 696859 0 0 696859 0 0
186 1393718 0 0 696859 0 0 0 0 0
188 18 2 2 0 0 0 1 0 0
189 5 0 0 1 0 0 2 0 0
191 5574872 0 0 2090577 1620 0 696859 0 0
192 10452885 0 0 2090577 0 0 696859 0 0
193 2090577 0 0 696859 1620 0 0 0 0
194 2090577 0 0 696859 1620 0 0 0 0
195 4878013 0 0 3484295 2003 0 0 0 0
fl=/fml/ag-raetsch/share/software/samtools/bam_aux.c
fn=bam_destroy_header_hash
5 8 1 1 3 0 0 3 0 0
79 1 1 1 0 0 0 1 0 0
80 3 0 0 1 0 0 0 0 0
82 1 0 0 1 0 0 0 0 0
fn=bam_init_header_hash
5 842 17 17 198 4 2 53 0 0
65 8 1 1 0 0 0 7 0 0
66 2 0 0 1 1 0 0 0 0
70 2 0 0 1 0 0 1 0 0
71 48 0 0 22 0 0 9 0 0
72 35 1 1 28 2 0 7 0 0
73 21 1 1 14 0 0 7 0 0
76 8 0 0 7 0 0 0 0 0
fn=bam_parse_region
5 44 3 3 11 0 0 4 0 0
93 12 1 1 0 0 0 9 0 0
99 1 0 0 0 0 0 1 0 0
100 2 1 1 1 0 0 1 0 0
102 4 0 0 0 0 0 1 0 0
103 4 0 0 0 0 0 1 0 0
105 28 0 0 0 0 0 1 0 0
106 132 1 1 55 2 1 22 0 0
107 2 1 1 1 0 0 1 0 0
108 15 0 0 4 0 0 0 0 0
109 1 0 0 0 0 0 1 0 0
111 2 1 1 0 0 0 0 0 0
115 6 0 0 4 0 0 1 0 0
116 2 0 0 1 0 0 0 0 0
120 17 1 1 5 0 0 0 0 0
121 2 1 1 1 0 0 1 0 0
122 3 0 0 2 0 0 0 0 0
124 3 0 0 1 0 0 1 0 0
126 6 0 0 2 0 0 1 0 0
127 2 0 0 0 0 0 1 0 0
128 6 1 1 4 0 0 0 0 0
133 9 0 0 7 0 0 0 0 0
fl=/fml/ag-raetsch/share/software/samtools/bam_endian.h
fn=bam_header_init
8 1 0 0 0 0 0 1 0 0
fn=bam_header_read
27 7 0 0 0 0 0 0 0 0
fl=/fml/ag-raetsch/share/software/samtools/bam_index.c
fn=bam_index_destroy
62 56 0 0 21 3 3 28 0 0
191 8 1 1 0 0 0 6 0 0
194 2 0 0 0 0 0 0 0 0
195 33 1 1 8 2 1 0 0 0
196 14 0 0 14 2 1 0 0 0
197 7 0 0 7 0 0 0 0 0
198 4652 2 2 1550 2 2 0 0 0
199 16973 0 0 3086 7 7 0 0 0
200 5235 0 0 2094 294 294 1047 0 0
203 14 0 0 7 2 2 7 0 0
205 4 0 0 2 0 0 2 0 0
206 2 0 0 0 0 0 0 0 0
207 7 0 0 6 1 0 0 0 0
fn=bam_index_load
398 8 2 2 0 0 0 6 0 0
400 2 0 0 0 0 0 1 0 0
401 2 0 0 0 0 0 0 0 0
410 9 1 1 7 1 0 0 0 0
fn=bam_index_load_local
62 146210 20 19 45790 4 3 10647 97 90
276 6 1 1 1 0 0 1 0 0
277 10 0 0 8 1 1 0 0 0
282 4 1 1 0 0 0 2 0 0
283 5 0 0 1 0 0 1 0 0
284 4 0 0 2 0 0 0 0 0
285 6 1 1 3 0 0 2 0 0
286 5 0 0 2 0 0 2 0 0
287 52 1 1 36 1 0 4 0 0
289 42 1 0 21 0 0 7 0 0
294 28 0 0 21 0 0 7 1 0
296 35 0 0 14 0 0 7 0 0
297 28 2 1 14 0 0 0 0 0
298 4210 3 3 3148 11 0 1 0 0
299 5235 0 0 2094 0 0 1047 0 0
300 4188 0 0 2094 0 0 0 0 0
302 3141 0 0 1047 0 0 0 0 0
303 5235 1 1 1047 0 0 1047 0 0
304 4188 0 0 2094 0 0 0 0 0
305 2094 0 0 1047 0 0 1047 0 0
306 5235 1 1 0 0 0 2094 0 0
307 4188 0 0 2094 0 0 1047 0 0
308 4188 0 0 2094 0 0 0 0 0
317 35 0 0 14 0 0 7 0 0
318 28 0 0 14 0 0 0 0 0
319 21 1 1 14 0 0 7 0 0
320 28 0 0 0 0 0 14 0 0
321 28 1 1 14 0 0 7 0 0
322 28 0 0 14 0 0 0 0 0
329 8 1 1 0 0 0 6 0 0
333 9 1 1 0 0 0 2 0 0
339 3 0 0 0 0 0 1 0 0
340 6 0 0 0 0 0 2 0 0
341 8 1 1 0 0 0 4 0 0
342 4 0 0 0 0 0 2 0 0
343 2 0 0 0 0 0 0 0 0
351 1051 1 1 0 0 0 2 0 0
354 2 1 1 1 0 0 1 0 0
357 9 0 0 8 1 0 0 0 0
fn=get_chunk_coordinates
62 4754 4 4 756 13 0 2 0 0
462 1 0 0 0 0 0 0 0 0
463 1 0 0 0 0 0 1 0 0
464 18 1 1 1 0 0 1 0 0
465 17 1 1 1 0 0 1 0 0
466 17 0 0 1 0 0 1 0 0
467 60 1 1 1 0 0 8 0 0
468 383 1 1 1 0 0 62 0 0
481 12 2 2 0 0 0 7 0 0
489 4 0 0 0 0 0 2 0 0
491 3 0 0 2 2 0 0 0 0
492 12 1 1 4 2 0 2 1 0
493 304 1 1 2 1 0 1 0 0
494 292 1 1 74 0 0 0 0 0
495 360 0 0 216 23 0 0 0 0
497 3 0 0 1 0 0 0 0 0
500 7 1 1 2 0 0 2 0 0
501 297 1 1 0 0 0 0 0 0
502 364 1 1 74 0 0 0 0 0
504 216 0 0 72 0 0 0 0 0
505 712 0 0 160 0 0 0 0 0
506 1056 1 1 616 46 0 176 0 0
509 2 0 0 1 0 0 1 0 0
511 4 0 0 0 0 0 1 0 0
513 3 1 1 1 0 0 1 0 0
515 357 0 0 88 0 0 0 0 0
516 435 0 0 174 0 0 0 0 0
517 696 1 1 174 0 0 174 0 0
520 356 0 0 0 0 0 0 0 0
521 345 1 1 174 0 0 84 0 0
524 349 0 0 0 0 0 0 0 0
528 1038 1 1 258 0 0 84 0 0
530 21 0 0 3 0 0 6 0 0
535 6 0 0 1 0 0 2 0 0
537 2 0 0 1 0 0 1 1 0
539 9 0 0 7 1 0 0 0 0
fn=ks_introsort_off
50 7296 11 11 2042 0 0 1192 0 0
fl=/fml/ag-raetsch/share/software/samtools/bam_pileup.c
fn=bam_plbuf_destroy
29 13 1 1 3 0 0 0 0 0
30 8 0 0 6 0 0 2 0 0
31 6 0 0 4 0 0 2 0 0
33 2 0 0 1 0 0 1 0 0
34 2 1 1 0 0 0 1 0 0
44 4 0 0 2 0 0 2 1 0
45 6 0 0 4 0 0 0 0 0
46 5 1 1 0 0 0 1 0 0
47 6 1 1 3 1 1 2 0 0
49 10 0 0 2 0 0 4 0 0
156 6 1 1 0 0 0 4 0 0
157 3 0 0 2 1 0 0 0 0
158 2 1 1 1 0 0 0 0 0
159 3 0 0 1 0 0 0 0 0
162 2 0 0 1 0 0 1 0 0
163 2 0 0 0 0 0 0 0 0
164 5 0 0 4 0 0 0 0 0
fn=bam_plbuf_init
23 4 0 0 0 0 0 1 0 0
38 2 0 0 2 0 0 0 0 0
39 15 3 3 2 0 0 2 0 0
143 6 2 2 0 0 0 3 0 0
145 4 0 0 0 0 0 1 0 0
146 2 0 0 0 0 0 2 0 0
147 1 0 0 0 0 0 1 0 0
148 2 0 0 0 0 0 2 0 0
149 2 0 0 1 0 0 1 0 0
150 2 0 0 0 0 0 2 0 0
151 1 0 0 0 0 0 1 0 0
153 6 0 0 4 0 0 0 0 0
fn=bam_plbuf_push
167 9 0 0 0 0 0 6 0 0
168 2 0 0 0 0 0 0 0 0
186 2 1 1 0 0 0 1 1 1
187 6 2 2 2 0 0 0 0 0
190 3 1 1 2 1 1 1 0 0
191 5 0 0 3 0 0 0 0 0
203 3 1 1 1 0 0 1 0 0
208 3 1 1 2 0 0 0 0 0
211 2 1 1 1 0 0 0 0 0
214 2 0 0 0 0 0 0 0 0
216 4 1 1 2 0 0 0 0 0
218 3 0 0 0 0 0 1 0 0
219 5 1 1 2 0 0 0 0 0
222 8 0 0 7 0 0 0 0 0
fl=/fml/ag-raetsch/share/software/samtools/bgzf.c
fn=bgzf_check_EOF
640 8 2 2 1 0 0 4 0 0
645 2 0 0 2 0 0 0 0 0
646 6 0 0 0 0 0 1 0 0
647 4 0 0 1 0 0 1 0 0
648 4 1 1 1 0 0 1 0 0
655 35 0 0 56 1 1 0 0 0
656 9 1 1 6 0 0 0 0 0
fn=bgzf_close
44 9 1 1 3 0 0 4 0 0
378 1 0 0 1 0 0 0 0 0
379 2 0 0 1 0 0 0 0 0
380 3 0 0 1 0 0 0 0 0
587 4 1 1 0 0 0 3 0 0
588 2 0 0 1 0 0 0 0 0
609 2 0 0 1 0 0 0 0 0
612 3 1 1 1 0 0 0 0 0
613 2 0 0 1 0 0 1 0 0
614 3 0 0 0 0 0 0 0 0
621 2 0 0 1 0 0 1 0 0
622 2 1 1 1 0 0 1 0 0
624 3 0 0 0 0 0 1 0 0
626 4 0 0 4 0 0 0 0 0
fn=bgzf_open
178 4 1 1 0 0 0 2 0 0
180 3 1 1 1 1 1 0 0 0
182 3 0 0 0 0 0 1 0 0
183 2 0 0 0 0 0 0 0 0
184 2 0 0 0 0 0 1 0 0
185 1 1 1 0 0 0 1 0 0
186 1 0 0 0 0 0 1 0 0
187 1 0 0 0 0 0 1 0 0
206 2 0 0 0 0 0 0 0 0
207 2 0 0 0 0 0 1 0 0
210 4 0 0 3 0 0 0 0 0
fn=bgzf_read
105 8370292 1 1 0 0 0 0 0 0
490 18815418 1 1 0 0 0 12543612 6 5
491 6271806 0 0 0 0 0 0 0 0
494 4181202 0 0 2090601 2062 5 0 0 0
500 2090601 0 0 0 0 0 0 0 0
501 4185146 0 0 0 0 0 0 0 0
502 6277719 0 0 4185146 17 5 0 0 0
503 4185146 0 0 0 0 0 0 0 0
504 8016 1 1 0 0 0 2004 0 0
507 10020 0 0 4008 0 0 0 0 0
508 4008 2 1 0 0 0 0 0 0
514 12555438 0 0 2092573 0 0 2092573 0 0
515 6277719 0 0 2092573 0 0 2092573 0 0
516 2092573 0 0 2090601 0 0 0 0 0
517 2092573 0 0 0 0 0 0 0 0
519 4181202 0 0 0 0 0 0 0 0
521 120 0 0 60 30 0 30 0 0
525 30 0 0 0 0 0 30 0 0
526 30 0 0 0 0 0 30 0 0
529 18815418 0 0 14634214 1837 0 0 0 0
fn=bgzf_read_init
44 3 1 1 0 0 0 1 0 0
115 1 1 1 0 0 0 1 0 0
117 4 0 0 0 0 0 1 0 0
118 1 0 0 0 0 0 1 0 0
119 3 1 1 0 0 0 2 0 0
120 1 0 0 0 0 0 1 0 0
121 3 0 0 0 0 0 2 0 0
122 1 0 0 0 0 0 1 0 0
123 1 0 0 0 0 0 1 0 0
125 3 0 0 2 0 0 0 0 0
fn=bgzf_seek
660 6 2 2 0 0 0 3 0 0
661 2 0 0 1 1 0 0 0 0
665 2 0 0 0 0 0 0 0 0
670 2 0 0 0 0 0 0 0 0
672 6 0 0 1 0 0 1 0 0
679 1 0 0 0 0 0 1 1 0
680 1 0 0 0 0 0 1 0 0
681 3 1 1 0 0 0 1 0 0
683 5 0 0 4 0 0 0 0 0
fn=bgzf_tell
630 2787440 0 0 1393720 0 0 0 0 0
632 696860 0 0 696860 0 0 0 0 0
fn=read_block
44 6012 1 1 2004 2003 5 0 0 0
335 2004 0 0 0 0 0 2004 0 0
336 2004 0 0 0 0 0 2004 0 0
337 6012 0 0 2004 0 0 2004 0 0
338 4008 0 0 0 0 0 2004 0 0
339 4008 0 0 2004 0 0 2004 0 0
340 4008 1 1 2004 0 0 2004 0 0
342 12024 1 1 0 0 0 2004 0 0
343 4008 0 0 0 0 0 0 0 0
347 6012 0 0 0 0 0 2004 0 0
348 4008 0 0 0 0 0 0 0 0
353 4008 1 1 0 0 0 2004 0 0
354 4008 0 0 0 0 0 0 0 0
358 2004 1 1 2004 0 0 0 0 0
365 54108 7 4 20040 0 0 0 0 0
389 2004 0 0 2004 0 0 0 0 0
410 2004 0 0 2004 0 0 0 0 0
411 6012 1 1 2004 0 0 0 0 0
429 8016 0 0 2004 1 0 0 0 0
435 26052 1 1 2004 2003 5 16032 0 0
436 6012 0 0 0 0 0 0 0 0
439 4008 0 0 4008 1972 5 0 0 0
441 6012 2 1 0 0 0 2004 1978 5
447 4008 0 0 0 0 0 0 0 0
452 4008 0 0 0 0 0 0 0 0
460 8016 0 0 4008 0 0 0 0 0
461 2004 0 0 2004 0 0 0 0 0
462 12024 2 1 6012 0 0 6012 2004 6
463 4008 0 0 0 0 0 2004 0 0
465 8016 0 0 2004 0 0 2004 0 0
469 4008 0 0 2004 0 0 0 0 0
475 4008 0 0 0 0 0 0 0 0
478 6012 0 0 2004 2004 0 0 0 0
480 1972 0 0 0 0 0 1972 0 0
482 2004 0 0 0 0 0 2004 0 0
483 2004 0 0 0 0 0 2004 0 0
486 22044 2004 6 18036 4008 0 0 0 0
fl=/fml/ag-raetsch/share/software/samtools/khash.h
fn=bam_init_header_hash
296 25 0 0 16 3 0 0 0 0
297 144 0 0 18 0 0 0 0 0
fn=bam_parse_region
296 2 0 0 1 0 0 0 0 0
297 5 1 1 1 0 0 0 0 0
fl=/fml/ag-raetsch/share/software/samtools/knetfile.c
fn=knet_close
577 2 0 0 0 0 0 1 0 0
578 2 1 1 0 0 0 0 0 0
579 3 0 0 1 1 1 0 0 0
580 3 0 0 1 0 0 0 0 0
584 1 0 0 0 0 0 1 0 0
586 4 1 1 2 0 0 2 0 0
587 4 0 0 2 0 0 2 0 0
588 4 0 0 2 0 0 2 0 0
589 2 0 0 0 0 0 1 0 0
591 3 0 0 2 0 0 0 0 0
fn=knet_open
455 5 1 1 0 0 0 2 0 0
457 2 0 0 1 0 0 0 0 0
461 4 1 1 0 0 0 1 0 0
469 5 0 0 0 0 0 1 0 0
480 5 0 0 0 0 0 1 0 0
482 2 0 0 0 0 0 0 0 0
486 4 1 1 0 0 0 1 0 0
487 1 0 0 0 0 0 1 0 0
488 1 0 0 0 0 0 1 0 0
489 1 0 0 0 0 0 1 0 0
491 2 0 0 1 0 0 0 0 0
496 5 0 0 3 0 0 0 0 0
fn=knet_read
507 32072 2 1 0 0 0 16036 2003 5
509 12027 0 0 4009 0 0 0 0 0
510 12027 0 0 4009 0 0 0 0 0
515 8018 0 0 0 0 0 0 0 0
519 8018 0 0 0 0 0 0 0 0
521 24054 1 1 0 0 0 0 0 0
522 16036 0 0 4009 0 0 4009 0 0
523 8018 0 0 0 0 0 0 0 0
524 4009 0 0 0 0 0 0 0 0
527 4009 0 0 4009 0 0 0 0 0
529 28063 0 0 20045 0 0 0 0 0
fn=knet_seek
532 6 0 0 0 0 0 3 0 0
533 12 1 1 2 1 0 0 0 0
534 9 0 0 3 0 0 0 0 0
537 9 1 1 3 0 0 3 0 0
538 6 0 0 0 0 0 0 0 0
543 6 0 0 0 0 0 3 0 0
574 6 0 0 6 0 0 0 0 0
fl=/fml/ag-raetsch/share/software/samtools/sam.c
fn=samclose
112 2 0 0 0 0 0 1 0 0
113 2 1 1 0 0 0 0 0 0
114 4 0 0 1 1 0 1 0 0
115 5 1 1 2 0 0 1 0 0
118 2 0 0 0 0 0 0 0 0
119 1 0 0 1 0 0 0 0 0
fn=samopen
40 9 1 1 0 0 0 5 0 0
42 4 1 1 0 0 0 1 0 0
43 3 0 0 1 0 0 0 0 0
44 4 1 1 1 0 0 1 0 0
45 2 0 0 1 0 0 0 0 0
46 2 1 1 0 0 0 1 0 0
47 8 1 1 2 2 2 2 0 0
48 2 1 1 0 0 0 0 0 0
49 4 1 1 0 0 0 2 1 0
109 8 0 0 6 1 0 0 0 0
fl=/usr/include/c++/4.2/bits/basic_ios.h
fn=save_score_pos(char*, char**, float**, int, int*, int)
268 8 0 0 2 0 0 4 0 0
446 38 7 4 2 0 0 32 1 1
fl=/usr/include/c++/4.2/bits/stl_algo.h
fn=main
2515 89 1 1 0 0 0 0 0 0
2516 27 0 0 0 0 0 0 0 0
2864 4 0 0 0 0 0 0 0 0
2866 8 0 0 0 0 0 2 0 0
2868 8 0 0 0 0 0 2 0 0
fn=vec_unique(std::vector<int, std::allocator<int> >*)
369 12 0 0 0 0 0 0 0 0
372 91856 1 1 0 0 0 0 0 0
374 183694 0 0 91848 1853 2 0 0 0
1573 45920 0 0 0 0 0 0 0 0
1579 12810820 0 0 0 0 0 0 0 0
1580 19216224 0 0 12810816 400337 400337 0 0 0
1581 45922 0 0 0 0 0 45922 2825 2560
2309 28313811 2 2 6813201 0 0 0 0 0
2311 361869 0 0 0 0 0 361869 0 0
2315 6451332 0 0 0 0 0 6451332 0 0
2349 8 0 0 0 0 0 4 0 0
2352 140 1 1 8 4 2 0 0 0
2355 60 0 0 60 0 0 0 0 0
2356 120 0 0 60 0 0 0 0 0
2405 25805096 2 2 4 0 0 0 0 0
2406 6451272 0 0 6451272 399163 383992 0 0 0
2436 8 0 0 0 0 0 0 0 0
2515 223 0 0 0 0 0 0 0 0
2516 69 0 0 0 0 0 0 0 0
2827 32 0 0 0 0 0 0 0 0
2829 16 1 1 0 0 0 4 0 0
fn=void std::__final_insertion_sort<__gnu_cxx::__normal_iterator<example_t*, std::vector<example_t, std::allocator<example_t> > >, bool (*)(example_t, example_t)>(__gnu_cxx::__normal_iterator<example_t*, std::vector<example_t, std::allocator<example_t> > >, 
2330 1147300 2 2 229460 0 0 91784 0 0
2332 45892 0 0 0 0 0 0 0 0
2336 183568 0 0 91784 0 0 91784 0 0
2422 137682 1 1 45894 0 0 0 0 0
2423 413028 0 0 91784 3754 0 137676 0 0
2453 18 1 1 0 0 0 16 0 0
2455 10 0 0 0 0 0 0 0 0
2457 4 0 0 0 0 0 2 0 0
2462 16 0 0 14 2 0 0 0 0
fn=void std::__insertion_sort<__gnu_cxx::__normal_iterator<example_t*, std::vector<example_t, std::allocator<example_t> > >, bool (*)(example_t, example_t)>(__gnu_cxx::__normal_iterator<example_t*, std::vector<example_t, std::allocator<example_t> > >, __gnu_
2330 720 1 1 180 0 0 90 0 0
2332 30 0 0 0 0 0 0 0 0
2336 240 2 2 150 0 0 60 0 0
2374 20 1 1 0 0 0 16 0 0
2376 4 0 0 0 0 0 0 0 0
2378 130 1 1 60 0 0 4 0 0
2381 120 0 0 60 0 0 60 0 0
2382 810 2 2 240 0 0 120 0 0
2385 90 1 1 30 0 0 0 0 0
2388 16 0 0 14 0 0 0 0 0
fn=void std::__introsort_loop<__gnu_cxx::__normal_iterator<example_t*, std::vector<example_t, std::allocator<example_t> > >, long, bool (*)(example_t, example_t)>(__gnu_cxx::__normal_iterator<example_t*, std::vector<example_t, std::allocator<example_t> > >, 
125 79820 1 1 46050 44 7 9210 13 4
126 70610 2 2 42980 2 0 9210 0 0
134 9210 0 0 6140 0 0 0 0 0
2278 5186345 2 2 1233770 5293 2 493508 0 0
2281 5147625 1 1 980500 6284 0 490250 0 0
2283 6140 0 0 3070 0 0 0 0 0
2773 33792 0 0 0 0 0 27648 120 28
2778 16888 0 0 1534 0 0 1534 0 0
2780 7676 1 1 3070 0 0 1536 13 2
2785 33770 1 1 12280 0 0 0 0 0
2795 987016 1 1 6140 0 0 246754 0 0
2796 15350 0 0 12280 0 0 3070 0 0
2797 24576 1 1 21504 5 0 0 0 0
fn=void std::__introsort_loop<__gnu_cxx::__normal_iterator<int*, std::vector<int, std::allocator<int> > >, long>(__gnu_cxx::__normal_iterator<int*, std::vector<int, std::allocator<int> > >, __gnu_cxx::__normal_iterator<int*, std::vector<int, std::allocator<i
91 6293661 1 1 1144302 1311 150 0 0 0
92 233814 0 0 46004 281 45 0 0 0
98 182700311 1 1 59806428 1592764 954450 0 0 0
2253 119704864 0 0 0 0 0 0 0 0
2256 220507728 0 0 61370264 1764279 1131124 0 0 0
2258 56747470 0 0 0 0 0 0 0 0
2737 65573982 2 2 0 0 0 3432930 5530 755
2742 2847382 0 0 0 0 0 0 0 0
2744 1437068 1 1 0 0 0 0 0 0
2749 572151 0 0 0 0 0 0 0 0
2759 2288604 0 0 0 0 0 572151 837 77
2760 4577240 1 1 4005085 427 43 0 0 0
fl=/usr/include/c++/4.2/bits/stl_algobase.h
fn=main
298 20 2 2 4 0 0 4 0 0
299 4 1 1 0 0 0 0 0 0
fn=std::vector<CRead*, std::allocator<CRead*> >::_M_insert_aux(__gnu_cxx::__normal_iterator<CRead**, std::vector<CRead*, std::allocator<CRead*> > >, CRead* const&)
298 231 0 0 21 8 5 42 0 0
fn=std::vector<int, std::allocator<int> >::_M_insert_aux(__gnu_cxx::__normal_iterator<int*, std::vector<int, std::allocator<int> > >, int const&)
298 15331382 0 0 1393762 383 14 2787524 0 0
fn=std::vector<int, std::allocator<int> >::reserve(unsigned long)
298 8 1 1 0 0 0 2 0 0
fn=void std::__introsort_loop<__gnu_cxx::__normal_iterator<int*, std::vector<int, std::allocator<int> > >, long>(__gnu_cxx::__normal_iterator<int*, std::vector<int, std::allocator<int> > >, __gnu_cxx::__normal_iterator<int*, std::vector<int, std::allocator<i
99 55603168 0 0 27801584 0 0 27801584 208 30
100 27801584 0 0 0 0 0 27801584 0 0
fl=/usr/include/c++/4.2/bits/stl_construct.h
fn=std::vector<example_t, std::allocator<example_t> >::_M_insert_aux(__gnu_cxx::__normal_iterator<example_t*, std::vector<example_t, std::allocator<example_t> > >, example_t const&)
81 294900 0 0 98300 4393 0 98300 6133 5633
fl=/usr/include/c++/4.2/bits/stl_heap.h
fn=void std::__introsort_loop<__gnu_cxx::__normal_iterator<example_t*, std::vector<example_t, std::allocator<example_t> > >, long, bool (*)(example_t, example_t)>(__gnu_cxx::__normal_iterator<example_t*, std::vector<example_t, std::allocator<example_t> > >, 
457 3072 0 0 0 0 0 1536 13 3
fl=/usr/include/c++/4.2/bits/stl_iterator.h
fn=main
653 8 1 1 8 0 0 0 0 0
817 6 1 1 0 0 0 0 0 0
fn=vec_unique(std::vector<int, std::allocator<int> >*)
653 16 0 0 16 1 0 0 0 0
675 12948658 0 0 0 0 0 0 0 0
706 4 0 0 0 0 0 0 0 0
817 12 0 0 0 0 0 0 0 0
fn=void std::__final_insertion_sort<__gnu_cxx::__normal_iterator<example_t*, std::vector<example_t, std::allocator<example_t> > >, bool (*)(example_t, example_t)>(__gnu_cxx::__normal_iterator<example_t*, std::vector<example_t, std::allocator<example_t> > >, 
675 45892 0 0 0 0 0 0 0 0
706 2 0 0 0 0 0 0 0 0
fn=void std::__insertion_sort<__gnu_cxx::__normal_iterator<example_t*, std::vector<example_t, std::allocator<example_t> > >, bool (*)(example_t, example_t)>(__gnu_cxx::__normal_iterator<example_t*, std::vector<example_t, std::allocator<example_t> > >, __gnu_
706 2 0 0 0 0 0 0 0 0
fn=void std::__introsort_loop<__gnu_cxx::__normal_iterator<example_t*, std::vector<example_t, std::allocator<example_t> > >, long, bool (*)(example_t, example_t)>(__gnu_cxx::__normal_iterator<example_t*, std::vector<example_t, std::allocator<example_t> > >, 
817 21496 2 2 6140 8 0 0 0 0
fn=void std::__introsort_loop<__gnu_cxx::__normal_iterator<int*, std::vector<int, std::allocator<int> > >, long>(__gnu_cxx::__normal_iterator<int*, std::vector<int, std::allocator<int> > >, __gnu_cxx::__normal_iterator<int*, std::vector<int, std::allocator<i
687 28373735 0 0 0 0 0 0 0 0
817 4005069 0 0 0 0 0 0 0 0
fl=/usr/include/c++/4.2/bits/stl_uninitialized.h
fn=std::vector<example_t, std::allocator<example_t> >::_M_insert_aux(__gnu_cxx::__normal_iterator<example_t*, std::vector<example_t, std::allocator<example_t> > >, example_t const&)
86 196813 0 0 0 0 0 0 0 0
fl=/usr/include/c++/4.2/bits/stl_vector.h
fn=CRead::CRead()
88 4181148 1 1 0 0 0 4181148 499305 490541
fn=CRead::~CRead()
120 1393716 1 1 1393716 64 8 0 0 0
133 2787432 0 0 0 0 0 0 0 0
fn=bam_fetch_reads
599 2787432 0 0 2090574 15898 0 0 0 0
602 2787348 0 0 696837 0 0 696837 0 0
605 84 1 1 0 0 0 21 0 0
fn=main
88 2090607 8 8 0 0 0 2090607 9 7
114 4 1 1 0 0 0 4 0 0
115 4 0 0 0 0 0 4 0 0
116 8 0 0 0 0 0 4 0 0
120 696869 4 4 696869 5 5 0 0 0
133 1393738 1 1 0 0 0 0 0 0
230 4 0 0 0 0 0 4 0 0
397 4969876 4 4 3484308 353789 353616 0 0 0
475 2787432 0 0 0 0 0 696858 1 1
599 19354008 2 2 12902672 142 79 0 0 0
602 8959534 0 0 6451259 0 0 0 0 0
605 343 5 5 31 6 0 77 24 14
922 696867 1 1 4 2 2 696863 0 0
fn=parse_cigar(bam1_t*, CRead*, bam_header_t*)
397 8258 1 1 8258 8 0 0 0 0
599 4181148 1 1 2787432 3075 0 0 0 0
605 9756012 2 2 2090574 0 0 2090574 0 0
fn=remove_intersection(std::vector<int, std::allocator<int> >*, std::vector<int, std::allocator<int> >*)
397 2 0 0 2 0 0 0 0 0
fn=std::vector<CRead*, std::allocator<CRead*> >::_M_insert_aux(__gnu_cxx::__normal_iterator<CRead**, std::vector<CRead*, std::allocator<CRead*> > >, CRead* const&)
133 42 0 0 0 0 0 0 0 0
397 63 1 1 21 0 0 0 0 0
fn=std::vector<example_t, std::allocator<example_t> >::_M_insert_aux(__gnu_cxx::__normal_iterator<example_t*, std::vector<example_t, std::allocator<example_t> > >, example_t const&)
133 62 0 0 0 0 0 0 0 0
397 93 1 1 31 0 0 0 0 0
fn=std::vector<int, std::allocator<int> >::_M_insert_aux(__gnu_cxx::__normal_iterator<int*, std::vector<int, std::allocator<int> > >, int const&)
133 2787524 0 0 0 0 0 0 0 0
397 4181286 1 1 1393762 997 0 0 0 0
fn=std::vector<int, std::allocator<int> >::reserve(unsigned long)
133 4 0 0 0 0 0 0 0 0
397 4 0 0 2 0 0 0 0 0
431 2 0 0 2 2 2 0 0 0
fn=vec_unique(std::vector<int, std::allocator<int> >*)
397 24 0 0 0 0 0 0 0 0
418 16 0 0 0 0 0 0 0 0
653 30 2 2 0 0 0 6 0 0
922 10 0 0 0 0 0 8 4 2
fl=/usr/include/c++/4.2/bits/vector.tcc
fn=std::vector<CRead*, std::allocator<CRead*> >::_M_insert_aux(__gnu_cxx::__normal_iterator<CRead**, std::vector<CRead*, std::allocator<CRead*> > >, CRead* const&)
245 210 4 4 0 0 0 126 0 0
247 63 0 0 42 0 0 0 0 0
261 63 0 0 0 0 0 0 0 0
267 83 1 1 0 0 0 0 0 0
268 40 0 0 0 0 0 0 0 0
280 21 0 0 0 0 0 0 0 0
293 21 0 0 21 0 0 0 0 0
298 21 0 0 0 0 0 21 0 0
299 42 0 0 0 0 0 21 0 0
300 231 0 0 147 0 0 21 8 5
fn=std::vector<example_t, std::allocator<example_t> >::_M_insert_aux(__gnu_cxx::__normal_iterator<example_t*, std::vector<example_t, std::allocator<example_t> > >, example_t const&)
245 248 1 1 0 0 0 155 0 0
247 93 0 0 62 0 0 0 0 0
261 93 1 1 0 0 0 0 0 0
267 122 0 0 0 0 0 0 0 0
268 58 0 0 0 0 0 0 0 0
275 31 1 1 31 0 0 0 0 0
280 31 1 1 0 0 0 0 0 0
281 31 0 0 31 5 0 0 0 0
298 31 0 0 0 0 0 31 0 0
299 31 0 0 0 0 0 31 0 0
300 248 0 0 186 5 0 31 2 0
fn=std::vector<int, std::allocator<int> >::_M_fill_insert(__gnu_cxx::__normal_iterator<int*, std::vector<int, std::allocator<int> > >, unsigned long, int const&)
307 66 1 1 0 0 0 42 4 1
309 18 0 0 0 0 0 0 0 0
386 48 2 2 42 0 0 0 0 0
fn=std::vector<int, std::allocator<int> >::_M_insert_aux(__gnu_cxx::__normal_iterator<int*, std::vector<int, std::allocator<int> > >, int const&)
245 13937620 1 1 0 0 0 8362572 21 13
247 4181286 0 0 2787524 0 0 0 0 0
261 4181286 0 0 0 0 0 0 0 0
267 4181330 0 0 0 0 0 0 0 0
268 88 0 0 0 0 0 0 0 0
280 1393762 0 0 0 0 0 0 0 0
293 1393762 0 0 1393762 0 0 0 0 0
298 1393762 0 0 0 0 0 1393762 0 0
299 2787524 0 0 0 0 0 1393762 0 0
300 15331382 1 1 9756334 18 12 1393762 346 6
fn=std::vector<int, std::allocator<int> >::reserve(unsigned long)
69 14 0 0 0 0 0 10 0 0
71 6 1 1 0 0 0 0 0 0
73 10 1 1 2 1 0 0 0 0
78 2 0 0 2 0 0 0 0 0
83 2 0 0 0 0 0 2 0 0
84 10 0 0 0 0 0 2 0 0
85 18 0 0 12 0 0 2 0 0
fl=/usr/include/c++/4.2/ext/new_allocator.h
fn=CRead::~CRead()
97 1393716 0 0 0 0 0 696858 0 0
fn=bam_fetch_reads
107 2090511 0 0 0 0 0 696837 93600 87070
fn=main
88 12 0 0 0 0 0 0 0 0
91 16 1 1 0 0 0 4 0 0
97 696869 2 2 0 0 0 11 2 0
107 19399670 0 0 0 0 0 6497152 406548 405090
fn=std::vector<CRead*, std::allocator<CRead*> >::_M_insert_aux(__gnu_cxx::__normal_iterator<CRead**, std::vector<CRead*, std::allocator<CRead*> > >, CRead* const&)
88 126 2 2 0 0 0 0 0 0
89 40 0 0 0 0 0 0 0 0
91 63 0 0 21 0 0 21 0 0
97 20 0 0 0 0 0 20 0 0
107 105 1 1 21 8 5 21 3 3
fn=std::vector<example_t, std::allocator<example_t> >::_M_insert_aux(__gnu_cxx::__normal_iterator<example_t*, std::vector<example_t, std::allocator<example_t> > >, example_t const&)
88 155 1 1 0 0 0 0 0 0
89 29 0 0 0 0 0 0 0 0
91 93 0 0 0 0 0 31 3 0
97 29 0 0 0 0 0 29 5 0
107 186 0 0 62 5 0 62 6 4
fn=std::vector<int, std::allocator<int> >::_M_insert_aux(__gnu_cxx::__normal_iterator<int*, std::vector<int, std::allocator<int> > >, int const&)
88 8362572 2 2 0 0 0 0 0 0
89 88 0 0 0 0 0 0 0 0
91 4181286 1 1 1393762 0 0 1393762 0 0
97 44 0 0 0 0 0 44 0 0
107 6968810 0 0 1393762 7513 14 1393762 7 6
fn=std::vector<int, std::allocator<int> >::reserve(unsigned long)
91 8 0 0 0 0 0 2 1 0
fl=/usr/include/c++/4.2/fstream
fn=save_score_pos(char*, char**, float**, int, int*, int)
241 14 0 0 0 0 0 6 0 0
711 34 3 2 0 0 0 18 0 0
712 12 0 0 2 0 0 4 0 0
738 14 2 1 2 0 0 8 0 0
780 28 1 1 2 0 0 4 0 0
785 30 0 0 12 1 1 4 0 0
797 18 1 1 0 0 0 4 0 0
fl=/usr/include/c++/4.2/iostream
fn=__static_initialization_and_destruction_0(int, int)
77 6 0 0 0 0 0 1 0 0
fn=__tcf_0
77 2 0 0 0 0 0 0 0 0
fl=/usr/include/c++/4.2/istream
fn=save_score_pos(char*, char**, float**, int, int*, int)
594 32 2 2 16 2 2 12 1 1
813 32 2 1 16 1 1 8 0 0
fl=/usr/include/c++/4.2/ostream
fn=save_score_pos(char*, char**, float**, int, int*, int)
366 28 1 1 16 1 1 8 0 0
fl=/usr/include/c++/4.2/streambuf
fn=save_score_pos(char*, char**, float**, int, int*, int)
213 8 1 1 0 0 0 4 0 0
fl=/usr/include/stdlib.h
fn=bam_parse_region
286 8 1 1 0 0 0 3 0 0
fl=???
fn=(below main)
0 56 6 6 16 7 0 17 0 0
fn=???
0 2556200025 3256 1123 617688026 4381918 3617637 251976708 4425674 2582704
fn=_Exit
0 6 1 1 1 1 1 0 0 0
fn=_IO_default_finish
0 84 2 2 24 0 0 6 0 0
fn=_IO_default_uflow
0 6604 1 1 2826 0 0 1413 1 1
fn=_IO_default_xsputn
0 6244 6 6 1295 0 0 1044 4 4
fn=_IO_do_write
0 523 25 16 159 6 4 125 3 3
fn=_IO_doallocbuf
0 52 2 2 24 2 1 8 0 0
fn=_IO_file_close
0 12 1 1 6 0 0 0 0 0
fn=_IO_file_close_it
0 264 12 10 54 0 0 96 0 0
fn=_IO_file_doallocate
0 183 7 7 34 2 1 20 1 1
fn=_IO_file_finish
0 48 3 3 12 0 0 6 0 0
fn=_IO_file_fopen
0 394 15 13 71 4 2 56 0 0
fn=_IO_file_init
0 91 6 5 28 0 0 35 0 0
fn=_IO_file_open
0 245 3 3 42 0 0 49 0 0
fn=_IO_file_overflow
0 920 10 10 265 1 0 145 1 0
fn=_IO_file_read
0 2790 0 0 930 0 0 0 0 0
fn=_IO_file_setbuf
0 15 2 2 3 0 0 8 0 0
fn=_IO_file_stat
0 20 2 1 4 0 0 0 0 0
fn=_IO_file_sync
0 105 2 2 42 1 1 14 0 0
fn=_IO_file_underflow
0 18612 6 6 6973 465 3 4652 0 0
fn=_IO_file_write
0 407 6 6 88 0 0 55 4 4
fn=_IO_file_xsputn
0 4888 17 17 864 10 8 435 7 6
fn=_IO_link_in
0 609 13 13 217 9 9 119 0 0
fn=_IO_setb
0 1142 7 7 334 0 0 284 2 2
fn=_IO_sgetn
0 9474 0 0 6316 2 0 0 0 0
fn=_IO_sputbackc
0 615 1 1 246 0 0 82 0 0
fn=_IO_str_underflow
0 156 2 2 78 0 0 0 0 0
fn=_IO_switch_to_get_mode
0 8835 2 2 3720 0 0 2790 0 0
fn=_IO_un_link
0 608 18 18 224 3 0 102 0 0
fn=_IO_unsave_markers
0 30 3 3 18 0 0 0 0 0
fn=_IO_vfscanf
0 14988 76 75 6500 14 10 2269 14 14
fn=__ctype_b_loc
0 66 2 2 44 2 0 0 0 0
fn=__cxa_atexit
0 72 3 3 15 0 0 24 2 2
fn=__cxa_finalize
0 226 4 4 61 2 1 31 0 0
fn=__cxa_guard_acquire
0 9 2 2 3 0 0 1 0 0
fn=__cxa_guard_release
0 7 1 1 3 0 0 1 0 0
fn=__default_morecore
0 1778 2 2 254 0 0 254 85 7
fn=__errno_location
0 12 3 2 12 0 0 0 0 0
fn=__fxstat
0 48 1 1 4 0 0 0 0 0
fn=__libc_csu_init
0 25 4 3 7 0 0 7 0 0
fn=__libc_memalign
0 1532 4 4 383 0 0 280 2 2
fn=__overflow
0 6 2 2 3 2 0 0 0 0
fn=__register_atfork
0 52 5 5 11 4 3 12 0 0
fn=__sigsetjmp
0 18 2 2 4 0 0 8 1 0
fn=__strtol_internal
0 12 1 1 8 0 0 0 0 0
fn=__uflow
0 10946 3 3 4760 924 1 478 0 0
fn=__underflow
0 45 3 3 20 0 0 3 0 0
fn=__xstat
0 48 3 3 4 0 0 0 0 0
fn=_dl_addr
0 52609 12 12 13006 958 799 17 1 0
fn=_dl_allocate_tls_init
0 127 6 6 41 4 0 19 1 1
fn=_dl_debug_state
0 2 0 0 2 0 0 0 0 0
fn=_dl_mcount_wrapper_check
0 640 1 1 384 1 0 0 0 0
fn=_setjmp
0 2 1 1 0 0 0 0 0 0
fn=bool std::has_facet<std::ctype<char> >(std::locale const&)
0 128 5 4 56 2 1 16 0 0
fn=bool std::has_facet<std::ctype<wchar_t> >(std::locale const&)
0 64 1 1 28 0 0 8 0 0
fn=bool std::has_facet<std::num_get<char, std::istreambuf_iterator<char, std::char_traits<char> > > >(std::locale const&)
0 128 3 2 56 2 1 16 0 0
fn=bool std::has_facet<std::num_get<wchar_t, std::istreambuf_iterator<wchar_t, std::char_traits<wchar_t> > > >(std::locale const&)
0 64 2 2 28 1 0 8 0 0
fn=bool std::has_facet<std::num_put<char, std::ostreambuf_iterator<char, std::char_traits<char> > > >(std::locale const&)
0 128 5 4 56 3 2 16 0 0
fn=bool std::has_facet<std::num_put<wchar_t, std::ostreambuf_iterator<wchar_t, std::char_traits<wchar_t> > > >(std::locale const&)
0 64 1 1 28 0 0 8 0 0
fn=brk
0 2874 3 3 548 138 138 343 138 138
fn=btowc
0 7808 5 5 2176 5 1 1024 0 0
fn=calloc
0 3424 13 12 756 20 6 418 0 0
fn=close
0 37 1 1 8 0 0 0 0 0
fn=exit
0 81 5 5 20 5 5 11 0 0
fn=fclose
0 420 9 9 156 7 4 66 0 0
fn=feof
0 527548315 3 3 195946517 0 0 45218427 0 0
fn=fflush
0 246 3 3 102 7 7 30 0 0
fn=fopen
0 4 1 1 0 0 0 0 0 0
fn=fopen64
0 10 2 2 0 0 0 0 0 0
fn=fprintf
0 210 6 6 10 0 0 90 3 3
fn=fputc
0 42 4 4 17 4 0 5 0 0
fn=fread
0 173822 5 5 56874 1 0 25288 0 0
fn=free
0 97674989 4014 21 27907167 355472 348813 8372181 18 11
fn=getc
0 587839507 3 3 271309865 6484 516 75363980 460 0
fn=getpagesize
0 6 1 1 3 1 0 0 0 0
fn=index
0 106 7 7 10 1 1 0 0 0
fn=inflate
0 32670936 4091 78 5907674 22088 604 2784617 27482 18515
fn=inflateEnd
0 38076 2 2 12024 0 0 6012 0 0
fn=inflateInit2_
0 100200 8 5 18036 4008 12 22044 2533 2532
fn=inflateReset
0 54108 3 3 4008 0 0 38076 2001 2000
fn=lseek
0 21 4 2 6 0 0 0 0 0
fn=malloc
0 108835870 4 4 33487914 45832 106 11162639 28 13
fn=memcpy
0 140973950 37 9 25997788 1801878 3567 23902014 6376 724
fn=memmove
0 64115623 5 5 13937900 28 17 11150389 0 0
fn=mempcpy
0 1442 12 12 613 54 53 591 3 3
fn=memset
0 12358 6 6 21 1 0 8470 1040 1040
fn=mmap
0 924 9 6 154 0 0 0 0 0
fn=munmap
0 65 1 1 13 0 0 0 0 0
fn=newlocale
0 41 5 5 14 1 1 10 0 0
fn=open
0 49 3 3 14 0 0 0 0 0
fn=open64
0 27 3 3 5 0 0 4 0 0
fn=operator delete(void*)
0 8362629 1 1 0 0 0 0 0 0
fn=operator delete[](void*)
0 696864 0 0 0 0 0 0 0 0
fn=operator new(unsigned long)
0 41813190 2 2 8362638 0 0 8362638 0 0
fn=operator new[](unsigned long)
0 2787468 1 1 696867 0 0 696867 0 0
fn=rand
0 2787432 2003 7 696858 0 0 696858 0 0
fn=random
0 11846586 3 3 4181148 2158 10 696858 0 0
fn=random_r
0 18103879 5 2 5577344 15158 15 2788672 0 0
fn=rawmemchr
0 883 5 4 121 0 0 0 0 0
fn=read
0 31318 2 2 8948 0 0 0 0 0
fn=realloc
0 1519 11 9 334 8 3 211 0 0
fn=rindex
0 23 2 2 3 0 0 4 1 0
fn=sbrk
0 5803 2 2 1777 730 419 713 27 0
fn=sprintf
0 483 5 5 23 0 0 207 2 2
fn=srand
0 17 2 2 5 1 1 1 0 0
fn=srandom_r
0 2476 5 5 9 1 1 347 2 2
fn=sscanf
0 273 3 3 13 0 0 117 0 0
fn=stat
0 16 1 1 0 0 0 0 0 0
fn=std::__basic_file<char>::__basic_file(pthread_mutex_t*)
0 12 1 1 4 0 0 8 0 0
fn=std::__basic_file<char>::close()
0 152 2 2 32 0 0 40 0 0
fn=std::__basic_file<char>::is_open() const
0 112 1 1 56 0 0 0 0 0
fn=std::__basic_file<char>::open(char const*, std::_Ios_Openmode, int)
0 116 3 3 16 1 0 32 0 0
fn=std::__basic_file<char>::~__basic_file()
0 4 1 1 0 0 0 0 0 0
fn=std::__timepunct<char>::_M_initialize_timepunct(__locale_struct*)
0 107 12 12 6 0 0 52 0 0
fn=std::__timepunct<char>::__timepunct(std::__timepunct_cache<char>*, unsigned long)
0 22 3 3 4 0 0 9 1 1
fn=std::__timepunct<wchar_t>::_M_initialize_timepunct(__locale_struct*)
0 105 11 11 5 0 0 51 0 0
fn=std::__timepunct<wchar_t>::__timepunct(std::__timepunct_cache<wchar_t>*, unsigned long)
0 22 3 3 4 0 0 9 1 1
fn=std::basic_filebuf<char, std::char_traits<char> >::_M_allocate_internal_buffer()
0 48 1 1 20 0 0 16 0 0
fn=std::basic_filebuf<char, std::char_traits<char> >::_M_destroy_internal_buffer()
0 76 3 3 20 0 0 32 0 0
fn=std::basic_filebuf<char, std::char_traits<char> >::_M_terminate_output()
0 116 5 5 52 0 0 28 0 0
fn=std::basic_filebuf<char, std::char_traits<char> >::basic_filebuf()
0 308 11 8 68 3 2 164 6 6
fn=std::basic_filebuf<char, std::char_traits<char> >::close()
0 232 6 4 40 1 0 92 0 0
fn=std::basic_filebuf<char, std::char_traits<char> >::open(char const*, std::_Ios_Openmode)
0 188 5 4 28 1 0 76 0 0
fn=std::basic_filebuf<char, std::char_traits<char> >::xsputn(char const*, long)
0 200 6 4 64 3 2 36 0 0
fn=std::basic_filebuf<char, std::char_traits<char> >::~basic_filebuf()
0 36 3 2 8 0 0 12 2 0
fn=std::basic_fstream<char, std::char_traits<char> >::~basic_fstream()
0 74 4 4 28 3 3 26 0 0
fn=std::basic_ios<char, std::char_traits<char> >::_M_cache_locale(std::locale const&)
0 240 3 3 24 0 0 88 0 0
fn=std::basic_ios<char, std::char_traits<char> >::clear(std::_Ios_Iostate)
0 36 1 1 16 0 0 4 1 0
fn=std::basic_ios<char, std::char_traits<char> >::init(std::basic_streambuf<char, std::char_traits<char> >*)
0 176 8 6 24 0 0 80 0 0
fn=std::basic_ios<wchar_t, std::char_traits<wchar_t> >::_M_cache_locale(std::locale const&)
0 120 2 2 12 0 0 44 0 0
fn=std::basic_ios<wchar_t, std::char_traits<wchar_t> >::init(std::basic_streambuf<wchar_t, std::char_traits<wchar_t> >*)
0 88 2 2 12 0 0 40 0 0
fn=std::basic_ostream<wchar_t, std::char_traits<wchar_t> >::flush()
0 54 2 2 24 10 10 9 0 0
fn=std::basic_streambuf<char, std::char_traits<char> >::xsputn(char const*, long)
0 88 5 3 28 0 0 24 0 0
fn=std::codecvt<char, char, __mbstate_t>::codecvt(unsigned long)
0 17 2 2 4 1 0 6 1 1
fn=std::codecvt<char, char, __mbstate_t>::do_always_noconv() const
0 8 1 1 4 0 0 0 0 0
fn=std::codecvt<wchar_t, char, __mbstate_t>::codecvt(unsigned long)
0 17 2 2 4 1 0 6 1 1
fn=std::ctype<char> const& std::use_facet<std::ctype<char> >(std::locale const&)
0 72 2 2 48 0 0 16 0 0
fn=std::ctype<char>::ctype(unsigned short const*, bool, unsigned long)
0 41 3 3 7 1 0 14 2 2
fn=std::ctype<wchar_t> const& std::use_facet<std::ctype<wchar_t> >(std::locale const&)
0 36 1 1 24 0 0 8 0 0
fn=std::ctype<wchar_t>::_M_convert_to_wmask(unsigned short) const
0 138 5 5 12 0 0 0 0 0
fn=std::ctype<wchar_t>::_M_initialize_ctype()
0 3003 5 5 5 0 0 810 20 20
fn=std::ctype<wchar_t>::ctype(unsigned long)
0 20 2 2 4 0 0 8 1 1
fn=std::ios_base::Init::Init()
0 284 31 31 48 8 1 171 17 11
fn=std::ios_base::Init::~Init()
0 23 3 3 10 7 7 7 0 0
fn=std::ios_base::_M_call_callbacks(std::ios_base::event)
0 48 2 2 20 1 0 12 0 0
fn=std::ios_base::_M_dispose_callbacks()
0 64 2 2 24 0 0 20 0 0
fn=std::ios_base::_M_init()
0 228 3 3 36 0 0 96 0 0
fn=std::ios_base::ios_base()
0 708 8 7 12 1 1 324 37 12
fn=std::ios_base::~ios_base()
0 80 3 2 16 4 0 20 0 0
fn=std::iostream::~iostream()
0 32 4 2 20 0 0 12 1 0
fn=std::locale::_Impl::_Impl(unsigned long)
0 843 66 66 135 14 1 410 45 45
fn=std::locale::_Impl::_M_install_facet(std::locale::id const*, std::locale::facet const*)
0 6692 5 5 1960 0 0 224 0 0
fn=std::locale::facet::_S_create_c_locale(__locale_struct*&, char const*, __locale_struct*)
0 9 1 1 2 0 0 3 0 0
fn=std::locale::facet::_S_get_c_locale()
0 71 1 1 50 1 0 11 0 0
fn=std::locale::facet::_S_get_c_name()
0 10 0 0 10 2 0 0 0 0
fn=std::locale::id::_M_id() const
0 804 1 1 316 7 4 56 0 0
fn=std::locale::locale()
0 612 4 4 238 2 2 204 0 0
fn=std::locale::locale(std::locale::_Impl*)
0 2 1 1 1 0 0 1 0 0
fn=std::locale::operator=(std::locale const&)
0 288 2 2 120 0 0 60 0 0
fn=std::locale::~locale()
0 220 1 1 100 3 0 40 0 0
fn=std::messages<char>::messages(unsigned long)
0 19 2 2 4 0 0 8 0 0
fn=std::messages<wchar_t>::messages(unsigned long)
0 19 2 2 4 0 0 8 0 0
fn=std::moneypunct<char, false>::_M_initialize_moneypunct(__locale_struct*, char const*)
0 118 5 5 48 0 0 30 0 0
fn=std::moneypunct<char, true>::_M_initialize_moneypunct(__locale_struct*, char const*)
0 118 5 5 48 0 0 30 0 0
fn=std::moneypunct<wchar_t, false>::_M_initialize_moneypunct(__locale_struct*, char const*)
0 104 4 4 34 0 0 30 0 0
fn=std::moneypunct<wchar_t, true>::_M_initialize_moneypunct(__locale_struct*, char const*)
0 104 6 6 34 0 0 30 0 0
fn=std::num_get<char, std::istreambuf_iterator<char, std::char_traits<char> > > const& std::use_facet<std::num_get<char, std::istreambuf_iterator<char, std::char_traits<char> > > >(std::locale const&)
0 112 2 2 56 0 0 16 0 0
fn=std::num_get<wchar_t, std::istreambuf_iterator<wchar_t, std::char_traits<wchar_t> > > const& std::use_facet<std::num_get<wchar_t, std::istreambuf_iterator<wchar_t, std::char_traits<wchar_t> > > >(std::locale const&)
0 56 1 1 28 0 0 8 0 0
fn=std::num_put<char, std::ostreambuf_iterator<char, std::char_traits<char> > > const& std::use_facet<std::num_put<char, std::ostreambuf_iterator<char, std::char_traits<char> > > >(std::locale const&)
0 112 4 4 56 0 0 16 0 0
fn=std::num_put<wchar_t, std::ostreambuf_iterator<wchar_t, std::char_traits<wchar_t> > > const& std::use_facet<std::num_put<wchar_t, std::ostreambuf_iterator<wchar_t, std::char_traits<wchar_t> > > >(std::locale const&)
0 56 1 1 28 0 0 8 0 0
fn=std::numpunct<char>::_M_initialize_numpunct(__locale_struct*)
0 463 5 5 196 4 2 74 0 0
fn=std::numpunct<wchar_t>::_M_initialize_numpunct(__locale_struct*)
0 399 5 5 132 0 0 74 3 3
fn=std::ostream::flush()
0 54 2 2 24 10 10 9 0 0
fn=std::ostream::sentry::sentry(std::ostream&)
0 84 5 3 28 0 0 20 0 0
fn=std::ostream::write(char const*, long)
0 128 3 3 56 2 1 20 0 0
fn=strchrnul
0 3005 17 12 389 12 12 0 0 0
fn=strcmp
0 16 1 1 5 0 0 0 0 0
fn=strcpy
0 228 7 7 20 0 0 22 2 1
fn=strdup
0 391 4 4 46 0 0 92 0 0
fn=strlen
0 8239 8 4 864 7 7 0 0 0
fn=strstr
0 2962 10 7 444 10 6 11 0 0
fn=strtol
0 12 4 3 6 1 1 0 0 0
fn=time
0 5 1 1 1 0 0 1 0 0
fn=uselocale
0 44 2 2 18 5 0 8 0 0
fn=vfprintf
0 10375 150 105 3057 71 63 2503 73 71
fn=vsprintf
0 920 19 11 161 0 0 253 6 5
fn=vsscanf
0 429 3 3 65 0 0 117 0 0
fn=wctob
0 2432 2 2 768 0 0 640 0 0
fn=wctype_l
0 973 3 3 297 5 0 112 0 0
fn=write
0 77 7 6 22 0 0 0 0 0
summary: 8878227107 21003 2706 1983408836 15340332 11290632 665404525 5734337 3841139
